Exportierte Tabelle Messdaten Durchmesser / Höhen
Versuchsflächendatenbank vom 10.12.2022  15:03:18
Nutzer    : ---

Forstamt  : 44   Schönheide
Revier    : Hundshübel
Versuch   : 14607
Parzelle  : 06
Teilfläche: 112 a2
Standort  : Mf-Z3
Höhenlage : 680



Aufnahme	Aufnahme	Aufnahme	26.07.1984	26.07.1984	26.07.1984	12.09.1995	12.09.1995	12.09.1995	10.11.2006	10.11.2006	10.11.2006	03.12.2013	03.12.2013	03.12.2013	
Wert	Wert	Wert	D	Aus	H	D	Aus	H	D	Aus	H	D	Aus	H	
Einheit	Einheit	Einheit	cm		m	cm		m	cm		m	cm		m	
Bst.-E.	Art	Baum	496	16	27	480	190	40	290	191	41	99	0	49	
1	Dgl	1	16,9		10,5	28,8		19,0	30,5			49,1		30,3	
2	Ofi	2	11,4		9,0	14,5			15,6			16,7			
2	Ofi	3	11,4			13,0	1								
1	Dgl	4	10,0			14,7			16,5	1					
1	Dgl	5	27,6		12,5	33,5		20,5	39,4			45,3		32,1	
2	Ofi	6	10,2		5,7	15,3			16,0			16,7			
1	Dgl	7	7,1			7,6	5								
1	Dgl	8	23,4		12,0	40,6		19,5	56,5			67,0		33,5	
1	Dgl	9	4,9			6,7	1								
2	Ofi	10	14,5		9,0	21,8			23,4			24,6			
2	Ofi	11	15,2			20,0			21,5	1					
2	Ofi	12	7,9			9,9	7								
2	Ofi	13	15,3		11,0	18,8			19,5	7					
2	Ofi	14	16,3		9,0	21,7			27,8	1					
3	Fi	15	13,3			25,4			36,5	1					
3	Fi	16	10,7			15,5	7								
3	Fi	17	9,1			18,6			25,5			31,7		27,3	
3	Fi	18	14,3			24,6			25,6	1					
3	Fi	19	8,8			10,2	6								
3	Fi	20	8,0			15,4	7								
3	Fi	21	7,6			7,8	4								
3	Fi	22	14,0			25,7			34,8		22,3	36,3			
3	Fi	23	7,4			8,4	5								
3	Fi	24	7,6			17,4	7								
3	Fi	25	10,7			20,3	6								
3	Fi	26	8,5			9,9	7								
3	Fi	27	18,2			29,6			34,3			43,0		26,8	
3	Fi	28	12,9			14,9	7								
3	Fi	29	11,5			17,8			27,4			32,1		27,4	
1	Dgl	30	6,6			11,1	7								
3	Fi	31	15,8			24,1			30,2			37,1		27,7	
3	Fi	32	14,3			20,6			26,9			33,9		26,0	
3	Fi	33	10,5			19,7			21,0	7					
3	Fi	34	6,8			7,4	6								
2	Ofi	35	6,5			6,8	6								
3	Fi	36	13,2			21,4			26,7	1					
1	Dgl	37	15,2			22,6	1								
3	Fi	38	18,7			30,5			39,3			42,7		30,8	
2	Ofi	39	12,0			13,1			13,5	7					
2	Ofi	40	4,6	6											
3	Fi	41	16,8			30,8			30,8	1					
3	Fi	42	13,5			22,4			34,8			41,5		30,1	
1	Dgl	43	5,0			4,9	4								
1	Dgl	44	4,9	1											
3	Fi	45	9,4			12,9	4								
2	Ofi	46	16,0			15,9	5								
1	Dgl	47	9,4			16,2		14,0	18,0	7					
3	Fi	48	11,6			21,6			27,2			33,0		27,6	
1	Dgl	49	11,7			17,2			19,0	7					
1	Dgl	50	15,2			24,8			29,5	1					
1	Dgl	51	11,1		7,7	18,6		15,0	29,6			36,0		27,7	
2	Ofi	52	8,3			13,4			13,5			14,8		14,3	
2	Ofi	53	16,2			22,8			27,2			29,6		24,2	
2	Ofi	54	10,7			14,5			15,4			16,3			
3	Fi	55	5,6			8,2	7								
1	Dgl	56	7,4			8,4	6								
1	Dgl	57	5,0			6,4			24,6	1					
2	Ofi	57	5,1			6,4			16,8			27,2		23,7	
2	Ofi	58	16,0			20,8			21,5			22,1			
1	Dgl	59	6,8			7,7	5								
2	Ofi	60	12,6			13,8	5								
2	Ofi	61	9,5			11,4	5								
1	Dgl	62	6,2			6,9	6								
2	Ofi	63	16,4			18,7	6								
1	Dgl	64	10,0			15,4			17,0	5					
2	Ofi	65	8,9			10,0	7								
1	Dgl	68	17,7			26,6			31,0	4					
1	Dgl	69	12,8			20,1			43,1	1					
3	Fi	70	7,2			11,1	7								
3	Fi	71	9,8			18,8			19,5	7					
2	Ofi	72	10,0			10,3	5								
3	Fi	73	9,6			17,8			18,0	7					
2	Ofi	74	7,9			10,8			11,0	7					
3	Fi	75	9,6			10,6	7								
2	Ofi	76	13,6			18,2			18,5	7					
3	Fi	77	18,2			30,5			31,6	4					
2	Ofi	78	12,6			15,5			19,0	7					
1	Dgl	79	16,7			25,9			37,4	1					
2	Ofi	80	13,5			15,8			16,0			16,2			
1	Dgl	81	11,6			16,9			20,8			36,6		27,2	
3	Fi	82	9,6			14,7			22,8			30,8		25,5	
2	Ofi	83	8,5			8,7	4								
2	Ofi	84	9,2			9,4	6								
2	Ofi	85	13,2			16,9			17,4			19,3			
2	Ofi	86	14,0			17,2			17,2	7					
2	Ofi	87	12,2			14,4			14,4			14,4			
1	Dgl	88	15,4			22,9			40,3	1					
2	Ofi	89	12,2			15,4			16,0	1					
2	Ofi	90	12,9			15,4	6								
1	Dgl	91	13,1			25,5		20,3	31,0	7					
2	Ofi	92	11,4			16,4	5								
1	Dgl	93	10,0			10,4	5								
1	Dgl	94	20,0			36,7			41,0	7					
2	Ofi	95	13,0			18,3			19,5	7					
2	Ofi	96	9,8			13,6			14,5	7					
2	Ofi	97	16,2			22,1		16,0	25,6	1					
2	Ofi	98	14,0			17,2			17,4			18,4			
2	Ofi	99	8,2			12,2			13,5	7					
1	Dgl	100	11,3			26,4		17,5	38,5			47,5		30,6	
2	Ofi	101	11,7			15,6			15,6			15,7		17,4	
2	Ofi	102	10,7			12,9			12,9	7	11,1				
2	Ofi	103	12,0			16,9			17,5	7					
1	Dgl	104	10,6	1											
2	Ofi	105	10,2	1											
2	Ofi	106	9,4			11,6	7								
1	Dgl	107	11,0			14,9			17,5	7					
2	Ofi	108	11,2			12,8			14,0	7					
2	Ofi	109	12,6			16,1			17,5	7					
2	Ofi	110	9,3			9,2	4								
2	Ofi	111	14,6			17,2			18,0	7					
3	Fi	112	15,9			25,1	7								
2	Ofi	113	11,6			14,4			16,0	7					
2	Ofi	114	12,9			18,0			18,0	2	15,7				
1	Dgl	115	9,1	1											
2	Ofi	116	18,5			21,5			23,0	1					
2	Ofi	117	16,0			20,5			22,0	7					
2	Ofi	118	11,8			17,2			19,0			23,0		21,8	
2	Ofi	119	16,4			21,9			22,0	7					
2	Ofi	120	9,0			12,4			13,0	7					
2	Ofi	121	8,6			8,9	4								
2	Ofi	122	13,9			16,5			17,5	7					
2	Ofi	123	9,1			10,7	2								
2	Ofi	124	12,4			17,6			17,6	7	15,1				
2	Ofi	125	13,2			18,0	1								
2	Ofi	126	3,4			4,2	1								
2	Ofi	127	12,0			17,0			18,4		18,6	19,5			
2	Ofi	128	12,6			16,5			17,0	5	17,3				
2	Ofi	129	13,1			14,1			19,9		12,4	25,7		24,8	
1	Dgl	130	13,7			27,8			39,2			47,1		29,0	
2	Ofi	131	12,0			14,7			15,5	7					
2	Ofi	132	5,4			5,3	4								
2	Ofi	133	11,6			15,5			16,7			17,7		18,6	
2	Ofi	134	11,9			15,4			16,5	7					
1	Dgl	135	16,1			25,2			35,9			49,9		30,3	
2	Ofi	136	9,4			13,3			14,5	7					
2	Ofi	137	12,1			15,5			15,5	7					
3	Fi	138	19,0			24,8			24,8	1					
1	Dgl	139	15,2			28,0		19,8	47,2			57,8		34,0	
1	Dgl	140	16,1	1											
2	Ofi	141	16,8		10,0	19,3			21,7			24,2		23,6	
1	Dgl	142	18,2	1	10,5										
1	Dgl	143	12,4	1											
1	Dgl	144	14,9			24,5		19,3	34,1			46,1			
2	Ofi	145	10,0			14,1			15,5	7					
1	Dgl	146	10,0			13,5	1								
3	Fi	147	9,0			10,3	4								
2	Ofi	148	7,6			8,0	4								
2	Ofi	149	10,5			13,3	6								
2	Ofi	150	12,6			17,1	1								
2	Ofi	151	11,4			15,7			15,7	7	13,4				
2	Ofi	152	13,0			20,0			23,5	4					
3	Fi	153	18,8			27,1			29,4	1					
1	Dgl	154	17,6		13,0	29,4			36,6			52,8		32,6	
3	Fi	155	8,2			9,4	6								
2	Ofi	156	7,7			8,1	5								
2	Ofi	157	12,3			13,8	6								
2	Ofi	158	11,4			12,1	5								
1	Dgl	159	10,3			18,5		16,8	30,8			53,4		31,1	
2	Ofi	160	8,4			11,1	5								
2	Ofi	161	12,2			13,6	1								
2	Ofi	162	13,0			16,9	6								
2	Ofi	163	9,1			12,5	7								
2	Ofi	164	9,9			13,1			14,0	5					
1	Dgl	165	11,6			14,1	6								
2	Ofi	166	13,2			19,5			20,0	4	17,2				
1	Dgl	167	9,6			16,3		17,0	27,6			39,0			
2	Ofi	168	15,1			20,2			21,0	4	18,3				
2	Ofi	169	6,6			6,7	5								
2	Ofi	170	10,1			11,0	5								
2	Ofi	171	9,0			11,0	5								
2	Ofi	172	11,6			14,4			15,5	7					
1	Dgl	173	11,4			12,8			13,2			13,6			
2	Ofi	174	11,5			13,6	5								
1	Dgl	175	5,9			5,8	5								
2	Ofi	176	15,3			19,0	5								
1	Dgl	177	20,9		13,5	35,1		21,8	40,7		26,3	49,1		33,3	
1	Dgl	178	16,8			26,6		20,3	30,5			45,2		31,7	
2	Ofi	179	8,1			10,6			10,6	7	11,2				
2	Ofi	180	7,6	1											
2	Ofi	181	15,6			21,0			22,5			26,8			
2	Ofi	182	13,3			14,1			19,0		19,8	20,4		21,4	
2	Ofi	183	9,4			10,5	7								
2	Ofi	184	13,4			16,0			17,5	7					
2	Ofi	185	8,1			8,9	4								
2	Ofi	186	10,5			11,3	5								
2	Ofi	187	12,8			18,3			21,0	1	20,4				
2	Ofi	188	13,9			17,7			19,5	1					
2	Ofi	189	5,1			5,5	6								
2	Ofi	190	5,0			5,3	6								
2	Ofi	191	7,7			8,1	6								
2	Ofi	192	10,2			13,8			15,0	7					
2	Ofi	193	11,2			15,5			16,0	7					
2	Ofi	194	13,5			16,1			20,3		21,5	21,8			
2	Ofi	195	11,8			13,9	7								
2	Ofi	196	13,0			16,1			17,5	1					
2	Ofi	197	9,0			11,1	1								
2	Ofi	198	11,1			14,9			17,3	1					
1	Dgl	199	22,4		14,0	38,9			40,8	1					
2	Ofi	200	9,7			10,2	5								
2	Ofi	201	8,8			9,1	7								
2	Ofi	202	10,0			13,2			13,2	7	11,2				
2	Ofi	203	10,4			12,0	7								
3	Fi	204	16,8			31,1			44,2	1					
2	Ofi	205	9,1			11,0	7								
2	Ofi	206	12,2			15,9			16,5	7					
3	Fi	207	12,6			19,3			32,2	1					
2	Ofi	208	8,6			9,7	5								
2	Ofi	209	16,4			20,1			20,1	7					
2	Ofi	210	7,1			7,2	5								
2	Ofi	211	10,6			12,6			15,0	7					
2	Ofi	212	13,5			16,7			19,1			19,7			
2	Ofi	213	8,3			9,4	7								
2	Ofi	214	11,9			15,4			16,7			18,9		19,6	
2	Ofi	215	10,5			12,1	5								
2	Ofi	216	12,2			16,6			19,5			23,2		22,6	
2	Ofi	217	10,5			12,7			13,5	7					
2	Ofi	218	7,8			11,1	1								
2	Ofi	219	8,9			10,0	7								
2	Ofi	220	12,0			13,7			14,5	7					
2	Ofi	221	13,0			16,9			19,4			21,8			
2	Ofi	222	12,4			17,0			20,0			20,3		18,0	
2	Ofi	223	8,6			8,4	5								
2	Ofi	224	9,5			13,3	1								
2	Ofi	225	14,9			20,0			22,6	1					
2	Ofi	226	12,1			16,8			20,4	1	21,0				
2	Ofi	227	12,4			16,9			16,9	7					
2	Ofi	228	9,0			12,7			13,5	7					
2	Ofi	229	7,6			8,1	5								
2	Ofi	230	8,6			9,2			15,0			20,7			
2	Ofi	231	9,4			14,3			23,8	1	21,2				
2	Ofi	232	10,4			10,6	7								
1	Dgl	233	14,4			25,9			40,5		27,3	41,4		31,8	
2	Ofi	234	7,7			7,6	5								
2	Ofi	235	14,0			17,6			20,2	1					
2	Ofi	236	12,7			17,1			21,7			23,0		22,6	
2	Ofi	237	8,5			8,4	4								
2	Ofi	238	11,0			14,4		15,3	15,5	7					
2	Ofi	239	14,4			18,8		14,5	20,0			21,2			
2	Ofi	240	8,2			9,8	1								
2	Ofi	241	7,5			7,4	5								
3	Fi	242	10,5			12,2	7								
1	Dgl	243	12,7			21,5			22,5			30,4			
3	Fi	244	5,8			6,5	5								
2	Ofi	245	6,0			7,0	7								
2	Ofi	246	9,7			18,2			22,8			29,1			
2	Ofi	247	13,0			14,9	6								
2	Ofi	248	9,9			12,1			12,1	7	11,2				
2	Ofi	249	15,0			21,7			23,6	1					
2	Ofi	250	13,0			13,4	6								
2	Ofi	251	10,6			14,0			16,8			19,3		21,5	
2	Ofi	252	12,6			16,3	5								
2	Ofi	253	7,8			8,8	1								
2	Ofi	254	7,6			9,7	1								
2	Ofi	255	4,9			5,0	5								
2	Ofi	256	9,0			10,3	5								
2	Ofi	257	9,1			9,6	4								
2	Ofi	258	12,7			17,6			18,0	7					
2	Ofi	259	12,0			17,0			18,5	7					
2	Ofi	260	14,0			18,9			23,2		20,7	24,3			
2	Ofi	261	13,4	1											
2	Ofi	262	7,7			8,2	5								
2	Ofi	263	12,0			17,4			18,0	7					
2	Ofi	264	15,2			20,0			23,4			24,2			
2	Ofi	265	13,8			18,5			20,5		16,7	22,4		21,9	
2	Ofi	266	10,1			12,5			17,2		14,1	21,8		21,4	
2	Ofi	267	9,5			12,1	5								
2	Ofi	268	9,8			15,2			17,0	7	17,3				
2	Ofi	269	8,8			12,9	5								
2	Ofi	270	7,4			7,7	5								
2	Ofi	271	8,1			11,3			12,5	4					
2	Ofi	272	12,2			17,2			21,1	1	19,4				
2	Ofi	273	6,5			6,9	5								
2	Ofi	274	7,9			10,1	6								
2	Ofi	275	9,6			12,7			14,0	1					
2	Ofi	276	7,5			7,5	6								
2	Ofi	277	11,2			14,7			15,4	1					
2	Ofi	278	8,6			8,5	1								
1	Dgl	279	15,9			30,3			37,4	1					
2	Ofi	280	11,4			11,8	7								
2	Ofi	281	9,6			10,3	7								
2	Ofi	282	11,6			16,2			17,5	7					
1	Dgl	283	7,8			13,1			17,5	7					
2	Ofi	284	6,6			7,8	7								
1	Dgl	285	13,9			24,5			39,6			54,9		29,6	
2	Ofi	286	9,6			11,4	1								
2	Ofi	287	13,1			14,2	6								
2	Ofi	288	7,8			7,7	5								
2	Ofi	289	13,1			16,7			17,9	1					
2	Ofi	290	10,3			13,9			14,0	7					
2	Ofi	291	11,0			14,9			17,1			18,0			
2	Ofi	292	10,3			13,3			13,3	7	13,7				
2	Ofi	293	12,4			18,4			23,5			24,7			
2	Ofi	294	12,6			17,3			20,9			21,5			
2	Ofi	295	5,7			5,9	6								
2	Ofi	296	6,4			11,2			35,4			41,7		30,4	
2	Ofi	297	5,3			5,9	6								
2	Ofi	298	10,3			15,7			16,0			17,8			
2	Ofi	299	10,6			14,1			14,5	7					
2	Ofi	300	12,8			15,8			16,5	7					
2	Ofi	301	13,2			14,3	5								
2	Ofi	302	9,3			13,6			15,5			16,5			
2	Ofi	303	10,1			11,6	5								
2	Ofi	304	10,0			13,2			14,0	7					
2	Ofi	305	10,0			9,8	6								
2	Ofi	306	8,7			8,4	5								
2	Ofi	307	8,7			9,7	1								
2	Ofi	308	12,1			16,1			18,7			21,2			
2	Ofi	309	11,7			14,3			16,0	1					
3	Fi	310	8,9			13,0			15,7			16,3		17,1	
2	Ofi	311	6,3			6,8	6								
2	Ofi	312	10,6			14,0	1								
2	Ofi	313	7,2			7,3	5								
2	Ofi	314	8,1			7,8	5								
2	Ofi	315	11,6			15,9			19,0	1					
2	Ofi	316	11,4			11,4	6								
2	Ofi	317	6,0			5,9	6								
2	Ofi	318	10,3			14,3			16,8	1					
2	Ofi	319	13,1			16,3			16,5	7					
2	Ofi	320	11,8			17,7			21,4	1					
2	Ofi	321	10,7			12,9			13,0	7					
2	Ofi	322	10,5			13,4			15,0	7					
2	Ofi	323	8,5			8,5	5								
2	Ofi	324	11,2			18,0			24,9			26,2			
2	Ofi	325	5,8			6,0	1								
2	Ofi	326	9,9			13,1			14,7	1					
2	Ofi	327	7,2			7,5	5								
2	Ofi	328	8,7			10,3			11,0	7					
1	Dgl	329	10,5			20,1		17,0	20,5			45,6		27,8	
2	Ofi	330	13,7			19,2			20,0			23,0			
2	Ofi	331	8,9			10,5	6								
2	Ofi	332	8,2	1											
2	Ofi	333	8,8			12,3			22,3	1					
2	Ofi	334	11,4			15,6			15,6			16,1			
2	Ofi	335	6,6			9,1	1								
1	Dgl	336	6,4			6,8	5								
2	Ofi	337	15,1			20,2			20,2			20,2			
2	Ofi	338	7,1			6,7	6								
2	Ofi	339	8,4			11,9			12,0	7					
2	Ofi	340	8,8			11,8			13,0	7					
2	Ofi	341	9,4			12,1			12,5	7					
2	Ofi	342	6,4			6,4	4								
2	Ofi	343	12,4			18,6			22,6			23,6			
2	Ofi	344	10,6			12,3			12,5	7					
2	Ofi	345	8,4			8,9	4								
3	Fi	346	11,3			18,8			19,5	7					
2	Ofi	347	9,6			11,1			11,5	7					
2	Ofi	348	10,3	1											
2	Ofi	349	10,4			10,4	5								
2	Ofi	350	11,9			14,0	6								
2	Ofi	351	9,1			9,1	4								
2	Ofi	352	10,8			10,9	5								
2	Ofi	353	16,2			20,7	6								
2	Ofi	354	11,9			12,4	4								
3	Fi	355	11,2			19,7			20,5	7					
1	Dgl	356	17,4			32,4			41,9			56,3		32,8	
2	Ofi	357	6,6			6,4	5								
2	Ofi	358	5,4			5,2	6								
2	Ofi	359	10,8			16,1			20,0			20,4			
2	Ofi	360	7,9			7,7	6								
2	Ofi	361	12,8			16,9			19,4			20,5			
1	Dgl	362	9,1			12,3			17,6			25,7		23,6	
2	Ofi	363	11,2			16,2			17,0	7					
2	Ofi	364	8,4			9,3	7								
2	Ofi	365	10,6			14,8		17,0	16,0	7					
2	Ofi	366	9,9			12,8			14,0	7					
2	Ofi	367	10,5			13,6			15,1	1					
2	Ofi	368	8,8			8,6			9,5			10,4			
2	Ofi	369	9,1			9,9	1								
2	Ofi	370	10,8			15,8			16,5	7					
2	Ofi	371	6,4			8,1	7								
2	Ofi	372	9,4			12,7			13,0	7					
2	Ofi	373	6,5			7,0	7								
2	Ofi	374	11,3			14,8			15,5	7					
2	Ofi	375	6,4			6,6	5								
2	Ofi	376	10,6			13,8			16,4	1					
2	Ofi	377	8,3			10,8			10,8	7	10,8				
2	Ofi	378	10,4			14,4			16,5			17,5			
2	Ofi	379	9,8			13,5		14,8	14,0	7					
2	Ofi	380	9,6			12,0		12,8	12,0	7					
2	Ofi	381	10,2			12,9			13,5	7					
2	Ofi	382	12,4			16,2			17,5	7					
2	Ofi	383	11,0			13,2			13,5	7					
2	Ofi	384	12,0			15,4			17,0	7					
2	Ofi	385	7,5			7,3	5								
2	Ofi	386	6,9			6,8	5								
2	Ofi	387	12,2			15,2			16,9	1					
2	Ofi	388	8,0			11,8	1								
1	Dgl	389	12,0			18,3		18,5	29,4			44,7		30,4	
2	Ofi	390	9,0			11,6			12,5	7					
2	Ofi	391	11,2			16,1			19,5			21,0			
2	Ofi	392	9,7			11,3			12,0	7					
2	Ofi	393	12,4			16,9			20,9			21,9			
2	Ofi	394	12,6			16,4			17,0			19,5			
2	Ofi	395	8,8			8,8	6								
2	Ofi	396	5,8			10,9			16,8	1					
2	Ofi	397	4,5			5,5	7								
2	Ofi	398	9,8	1											
2	Ofi	399	8,8			8,7	6								
2	Ofi	400	14,4			18,4			19,5	7					
2	Ofi	401	11,6			15,5			15,5	7					
2	Ofi	402	9,6	1											
3	Fi	403	10,6			16,9			24,3			31,6		25,9	
2	Ofi	404	8,6			9,2	5								
2	Ofi	405	10,6			12,1			13,5	1					
2	Ofi	406	8,8			8,5	5								
2	Ofi	407	11,6			12,8			18,0	7					
2	Ofi	408	11,1			12,5	6								
2	Ofi	409	11,6	1											
2	Ofi	410	10,0			15,0			16,0	7					
2	Ofi	411	10,3			13,1			14,9	1					
2	Ofi	412	11,6			15,3			17,4	1					
2	Ofi	413	10,0			14,1			15,6	1					
2	Ofi	414	9,0			9,4			14,6			19,8			
2	Ofi	415	9,8			13,6			15,5			16,5			
2	Ofi	416	10,7			13,7			14,0	7					
2	Ofi	417	8,7			11,8			11,8	7	12,9				
2	Ofi	418	8,8			11,2	4								
2	Ofi	419	8,7			12,0			13,2	1					
2	Ofi	420	7,4			7,8	5								
2	Ofi	421	9,2			13,5	1								
2	Ofi	422	5,7			5,3	6								
2	Ofi	423	6,1			5,9	6								
2	Ofi	424	8,8			11,4			12,6	1					
2	Ofi	425	10,5			13,4			14,8	1	17,5				
2	Ofi	426	5,8			6,6	6								
1	Dgl	427	9,2			17,8		15,0	32,3	1	21,6				
2	Ofi	428	10,7			16,1			16,8	1					
2	Ofi	429	8,4			8,9	5								
2	Ofi	430	15,4		11,0	22,2		16,8	25,5	1					
2	Ofi	431	10,8		10,0	12,4	7	12,8							
2	Ofi	432	12,5			16,6			20,0	1	19,5				
2	Ofi	433	5,7			5,5	6								
2	Ofi	434	8,3			10,8			10,8	7	10,4				
3	Fi	435	7,6			11,0			14,9	1	16,0				
3	Fi	436	5,3			5,3	7								
2	Ofi	437	9,5			12,8			12,8	7	14,5				
2	Ofi	438	8,4			10,4			10,4	7	11,2				
2	Ofi	439	5,9			6,2	6								
2	Ofi	440	11,7			17,3		16,0	18,5	7					
2	Ofi	441	8,9			10,6			11,5	7					
2	Ofi	442	7,6			9,6			11,5	7					
2	Ofi	443	10,6			15,4			18,0	7					
2	Ofi	444	7,3			7,0	6								
2	Ofi	445	12,2			15,9	6								
2	Ofi	446	11,1			16,2			19,2	1					
2	Ofi	447	7,3			7,3	6								
2	Ofi	448	10,8			12,9			17,4	1					
2	Ofi	449	11,0			13,5			17,5	1					
2	Ofi	450	10,2			13,5			15,0	1					
2	Ofi	451	12,0			16,5			20,4	1					
3	Fi	452	11,8			16,9			20,5	7					
3	Fi	453	13,3			21,2			31,0	1					
2	Ofi	454	9,6			11,7			14,3	1					
2	Ofi	455	11,3			12,8	2								
2	Ofi	456	8,2			8,5	4								
2	Ofi	457	16,4			20,6		15,0	21,2	1					
2	Ofi	458	10,5			13,7			16,3	1					
2	Ofi	459	10,4			13,7			17,4			17,9			
2	Ofi	460	8,4			9,5			11,5	7					
2	Ofi	461	9,0			10,6		11,8	13,0	7					
2	Ofi	462	10,1			13,2			16,5	7					
2	Ofi	463	6,8			7,5	6								
2	Ofi	464	9,2			12,3			16,1	1					
2	Ofi	465	13,9			18,9		15,0	21,5	1					
2	Ofi	466	9,2			10,4	7								
2	Ofi	467	7,9			11,7		13,5	13,4	1					
2	Ofi	468	6,8			6,9	6								
2	Ofi	469	7,4			11,8			24,3	1	19,3				
2	Ofi	470	8,6			13,3		14,5	17,4	1	18,7				
2	Ofi	471	9,9			12,5			15,0	7					
2	Ofi	472	9,6		7,0	9,7	4								
1	Dgl	473	10,9		8,5	25,6		18,5	42,2		25,2	52,2			
2	Ofi	474	9,2			14,2			16,5			16,5			
2	Ofi	475	12,2		8,0	17,8		14,3	21,5		18,5	22,8			
2	Ofi	476	7,6		8,0	8,3	5								
2	Ofi	477	3,3	1											
2	Ofi	478	9,7		8,0	13,4		13,2	17,0	7					
2	Ofi	479	9,8		9,0	14,2		13,8	16,5	7					
1	Dgl	480	6,4			9,9	6								
2	Ofi	481	7,4		7,0	9,6	6								
2	Ofi	482	14,5		9,5	17,8	6								
1	Dgl	483	7,3			9,6	6								
2	Ofi	484	7,8			7,5	6								
2	Ofi	485	8,8			13,2			15,5	7					
2	Ofi	486	11,3			15,3		14,8	18,0		18,8	19,4			
2	Ofi	487	10,1			15,8		15,0	18,9	1	19,2				
2	Ofi	488	11,4			17,0			22,7			24,6			
2	Ofi	489	10,6			17,2		15,0	22,6	1					
2	Ofi	490	4,2		3,5	5,1	6								
2	Ofi	491	9,4			10,7		11,5	11,5	1					
1	Dgl	492	13,9			27,3		22,0	45,2			54,8		32,6	
1	Dgl	493	12,6		11,0	24,6		21,5	40,2			44,7		30,9	
2	Ofi	494	12,6			13,6	6								
2	Ofi	495	7,7			7,9	4								
2	Ofi	496	13,0		11,0	17,4			20,5	7					
2	Ofi	497	8,4			7,9	4								
